                                                                                             29 Apr 2026 13:36:13
Satellite-MAVEN-Sensor-HGA_Sensor-Transmitter-TX_HGA_Xband-To-Facility-DSS_14_Goldstone-Receiver-RX_HGA_Goldstone


   Range (km)   
----------------
273866793.064515
273867190.359150
273867591.744651
273867993.996219
273868397.116907
273868801.109674
273869205.977389
273869611.722844
273870018.348759
273870425.857789
273870834.252533
273871243.535537
273871653.709304
273872064.776298
273872476.738947
273872889.599653
273873303.360791
273873718.024722
273874133.593789
273874550.070323
273874967.456653
273875385.755102
273875804.967996
273876225.097662
273876646.146439
273877068.116673
273877491.010726
273877914.830976
273878339.579820
273878765.259679
273879191.872994
273879619.422239
273880047.909913
273880477.338548
273880907.710713
273881339.029008
273881771.296073
273882204.514591
273882638.687283
273883073.816919
273883509.906309
273883946.958317
273884384.975853
273884823.961878
273885263.919407
273885704.851513
273886146.761321
273886589.652016
273887033.526843
273887478.389109
273887924.242183
273888371.089498
273888818.934557
273889267.780927
273889717.632244
273890168.492218
273890620.364631
273891073.253336
273891527.162265
273891982.095425
273892438.056903
273892895.050866
273893353.081560
273893812.153319
273894272.270560
273894733.437783
273895195.659581
273895658.940633
273896123.285711
273896588.699677
273897055.187492
273897522.754206
273897991.404971
273898461.145037
273898931.979751
273899403.914567
273899876.955037
273900351.106822
273900826.375687
273901302.767503
273901780.288254
273902258.944032
273902738.741042
273903219.685598
273903701.784136
273904185.043201
273904669.469458
273905155.069686
273905641.850789
273906129.819787
273906618.983817
273907109.350144
273907600.926150
273908093.719340
273908587.737340
273909082.987901
273909579.478892
273910077.218305
273910576.214254
273911076.474970
273911578.008801
273912080.824213
273912584.929788
273913090.334214
273913597.046289
273914105.074916
273914614.429097
273915125.117927
273915637.150587
273916150.536342
273916665.284531
273917181.404555
273917698.905868
273918217.797965
273918738.090370
273919259.792625
273919782.914265
273920307.464800
273920833.453698
273921360.890370
273921889.784120
273922420.144132
273922951.979434
273923485.298865
273924020.111024
273924556.424223
273925094.246444
273925633.585285
273926174.447880
273926716.840831
273927260.770140
273927806.241115
273928353.258260
273928901.825170
273929451.944420
273930003.617418
273930556.844240
273931111.623482
273931667.952067
273932225.825020
273932785.235244
273933346.173271
273933908.626956
273934472.581161
273935038.017413
273935604.913493
273936173.243012
273936742.974924
273937314.073002
273937886.495247
273938460.193244
273939035.111467
273939611.186500
273940188.346208
273940766.508824
273941345.581986
273941925.461679
273942506.031143
273943087.159705
273943668.701578
273944250.494637
273944832.359189
273945414.096792
273945995.489133
273946576.297060
273947156.259792
273947735.094431
273948312.495814
273948888.136849
273949461.669422
273950032.725971
273950600.921855
273951165.858582
273951727.127977
273952184.159210

   Range (km)   
----------------
273961972.475774
273962404.160340
273962831.888334
273963255.263397
273963674.594692
273964090.184216
273964502.324520
273964911.296999
273965317.370676
273965720.801424
273966121.831533
273966520.689584
273966917.590531
273967312.735972
273967706.314555
273968098.502469
273968489.464013
273968879.352191
273969268.309342
273969656.467763
273970043.950337
273970430.871140
273970817.336037
273971203.443234
273971589.283824
273971974.942296
273972360.497005
273972746.020627
273973131.580576
273973517.239395
273973903.055117
273974289.081606
273974675.368865
273975061.963332
273975448.908140
273975836.243370
273976224.006279
273976612.231510
273977000.951285
273977390.195592
273977779.992343
273978170.367531
273978561.345370
273978952.948432
273979345.197757
273979738.112969
273980131.712386
273980526.013104
273980921.031089
273981316.781258
273981713.277562
273982110.533040
273982508.559896
273982907.369554
273983306.972716
273983707.379407
273984108.599029
273984510.640404
273984913.511815
273985317.221037
273985721.775385
273986127.181737
273986533.446571
273986940.575985
273987348.575735
273987757.451252
273988167.207664
273988577.849825
273988989.382328
273989401.809528
273989815.135556
273990229.364339
273990644.499614
273991060.544941
273991477.503717
273991895.379193
273992314.174477
273992733.892554
273993154.536292
273993576.108450
273993998.611694
273994422.048596
273994846.421651
273995271.733282
273995697.985842
273996125.181631
273996553.322892
273996982.411824
273997412.450584
273997843.441296
273998275.386053
273998708.286922
273999142.145953
273999576.965177
274000012.746613
274000449.492274
274000887.204169
274001325.884306
274001765.534696
274002206.157357
274002647.754317
274003090.327614
274003533.879304
274003978.411462
274004423.926182
274004870.425582
274005317.911804
274005766.387025
274006215.853445
274006666.313300
274007117.768864
274007570.222444
274008023.676388
274008478.133085
274008933.594968
274009390.064515
274009847.544249
274010306.036746
274010765.544629
274011226.070574
274011687.617311
274012150.187629
274012613.784370
274013078.410438
274013544.068797
274014010.762473
274014478.494558
274014947.268205
274015417.086641
274015887.953158
274016359.871116
274016832.843952
274017306.875175
274017781.968367
274018258.127188
274018735.355379
274019213.656757
274019693.035221
274020173.494756
274020655.039428
274021137.673392
274021621.400887
274022106.226246
274022592.153889
274023079.188330
274023567.334177
274024056.596133
274024546.979000
274025038.487675
274025531.127160
274026024.902553
274026519.819061
274027015.881992
274027513.096761
274028011.468893
274028511.004017
274029011.707880
274029513.586334
274030016.645348
274030520.891004
274031026.329501
274031532.967154
274032040.810396
274032549.865779
274033060.139976
274033571.639777
274034084.372095
274034598.343967
274035113.562549
274035630.035117
274036147.769075
274036666.771943
274037187.051365
274037708.615102
274038231.471037
274038755.627168
274039281.091610
274039807.872590
274040335.978444
274040865.417614
274041396.198645
274041928.330182
274042461.820957
274042996.679788
274043532.915573
274044070.537280
274044609.553935
274045149.974611
274045691.808419
274046235.064494
274046779.751980
274047325.880000
274047873.457655
274048422.493988
274048972.997970
274049524.978460
274050078.444174
274050633.403664
274051189.865269
274051747.837068
274052307.326833
274052868.341979
274053430.889507
274053994.975919
274054560.607155
274055127.788506
274055696.524534
274056266.818934
274056838.674443
274057412.092713
274057987.074152
274058563.617765
274059141.720979
274059721.379457
274060302.586844
274060885.334548
274061469.611463
274062055.403652
274062642.694019
274063231.461938
274063821.682832
274064413.327718
274065006.362700
274065600.748419
274066196.439425
274066793.383519
274067391.521006
274067990.783904
274068591.095059
274069192.367217
274069794.502009
274070397.388880
274071000.903951
274071604.908843
274072209.249453
274072813.754739
274073418.235493
274074022.483207
274074626.269014
274075229.342807
274075831.432600
274076432.244197
274077031.461282
274077628.746022
274078223.740290
274078816.067633
274079405.336060
274079991.141786
274080573.073951
274080759.098028

   Range (km)   
----------------
274090942.047361
274091390.733561
274091842.149034
274092289.189069
274092732.161131
274093171.365823
274093607.094548
274094039.627759
274094469.233712
274094896.167653
274095320.671359
274095742.972979
274096163.287116
274096581.815062
274096998.745203
274097414.253496
274097828.504027
274098241.649602
274098653.832369
274099065.184441
274099475.828518
274099885.878489
274100295.440025
274100704.611141
274101113.482728
274101522.139062
274101930.658287
274102339.112853
274102747.569942
274103156.091857
274103564.736387
274103973.557139
274104382.603856
274104791.922707
274105201.556551
274105611.545189
274106021.925589
274106432.732104
274106843.996660
274107255.748940
274107668.016551
274108080.825176
274108494.198715
274108908.159417
274109322.728005
274109737.923778
274110153.764721
274110570.267604
274110987.448058
274111405.320667
274111823.899038
274112243.195876
274112663.223041
274113083.991614
274113505.511953
274113927.793735
274114350.846016
274114774.677269
274115199.295425
274115624.707911
274116050.921688
274116477.943285
274116905.778823
274117334.434049
274117763.914363
274118194.224842
274118625.370261
274119057.355117
274119490.183646
274119923.859850
274120358.387503
274120793.770177
274121230.011251
274121667.113932
274122105.081262
274122543.916131
274122983.621299
274123424.199391
274123865.652921
274124307.984295
274124751.195824
274125195.289727
274125640.268145
274126086.133148
274126532.886739
274126980.530863
274127429.067414
274127878.498240
274128328.825148
274128780.049913
274129232.174279
274129685.199966
274130139.128675
274130593.962092
274131049.701891
274131506.349741
274131963.907304
274132422.376248
274132881.758242
274133342.054960
274133803.268091
274134265.399337
274134728.450412
274135192.423054
274135657.319022
274136123.140099
274136589.888093
274137057.564846
274137526.172229
274137995.712146
274138466.186541
274138937.597393
274139409.946724
274139883.236595
274140357.469116
274140832.646441
274141308.770773
274141785.844362
274142263.869516
274142742.848592
274143222.784004
274143703.678222
274144185.533778
274144668.353262
274145152.139326
274145538.033326

   Range (km)   
----------------
274554097.428313
274554594.129241
274555096.745659
274555600.646918
274556105.842309
274556612.341209
274557120.153064
274557629.287386
274558139.753738
274558651.561714
274559164.720944
274559679.241062
274560195.131701
274560712.402456
274561231.062879
274561751.122449
274562272.590549
274562795.476415
274563319.789123
274563845.537544
274564372.730305
274564901.375724
274565431.481771
274565963.056004
274566496.105514
274567030.636818
274567566.655805
274568104.167636
274568643.176640
274569183.686186
274569725.698572
274570269.214881
274570814.234805
274571360.756481
274571908.776294
274572458.288658
274573009.285757
274573561.757296
274574115.690190
274574671.068225
274575227.871694
274575786.076990
274576345.656148
274576906.576345
274577468.799352
274578032.280928
274578596.970152
274579162.808703
274579729.730061
274580297.658663
274580866.508966
274581436.184465
274582006.576640
274582577.563848
274583149.010173
274583720.764239
274584292.658036
274584864.505733
274585436.102592
274586007.223962
274586577.624445
274587147.037306
274587715.174197
274588281.725297
274588846.359963
274589408.728026
274589968.461808
274590525.178994
274591078.486401
274591627.984671
274591872.946197

   Range (km)   
----------------
274601223.148577
274601648.665184
274602072.258799
274602491.476874
274602906.619518
274603317.981110
274603725.847876
274604130.496023
274604532.190391
274604931.183533
274605327.715166
274605722.011914
274606114.287305
274606504.741953
274606893.563878
274607280.928946
274607667.001373
274608051.934284
274608435.870291
274608818.942103
274609201.273113
274609582.977988
274609964.163239
274610344.927774
274610725.363418
274611105.555414
274611485.582887
274611865.519297
274612245.432840
274612625.386840
274613005.440112
274613385.647290
274613766.059141
274614146.722853
274614527.682303
274614908.978301
274615290.648819
274615672.729203
274616055.252368
274616438.248974
274616821.747598
274617205.774883
274617590.355684
274617975.513192
274618361.269064
274618747.643525
274619134.655482
274619522.322607
274619910.661437
274620299.687449
274620689.415135
274621079.858078
274621471.029009
274621862.939874
274622255.601883
274622649.025568
274623043.220827
274623438.196970
274623833.962759
274624230.526448
274624627.895817
274625026.078206
274625425.080549
274625824.909395
274626225.570942
274626627.071061
274627029.415315
274627432.608987
274627836.657092
274628241.564407
274628647.335479
274629053.974644
274629461.486050
274629869.873659
274630279.141269
274630689.292527
274631100.330936
274631512.259870
274631925.082585
274632338.802226
274632753.421839
274633168.944376
274633585.372710
274634002.709637
274634420.957884
274634840.120117
274635260.198952
274635681.196953
274636103.116641
274636525.960500
274636949.730988
274637374.430532
274637800.061537
274638226.626390
274638654.127469
274639082.567141
274639511.947767
274639942.271709
274640373.541328
274640805.758993
274641238.927080
274641673.047980
274642108.124096
274642544.157849
274642981.151684
274643419.108063
274643858.029480
274644297.918452
274644738.777531
274645180.609298
274645623.416371
274646067.201407
274646511.967100
274646957.716185
274647404.451442
274647852.175697
274648300.891823
274648750.602739
274649201.311421
274649653.020894
274650105.734239
274650559.454592
274651014.185150
274651469.929169
274651926.689965
274652384.470921
274652843.275482
274653303.107161
274653763.969537
274654225.866265
274654688.801067
274655152.777738
274655617.800152
274656083.872255
274656550.998075
274657019.181717
274657488.427371
274657958.739306
274658430.121879
274658902.579533
274659376.116797
274659850.738292
274660326.448727
274660803.252908
274661281.155734
274661760.162198
274662240.277393
274662721.506511
274663203.854844
274663687.327785
274664171.930836
274664657.669598
274665144.549784
274665632.577213
274666121.757814
274666612.097629
274667103.602809
274667596.279622
274668090.134452
274668585.173795
274669081.404269
274669578.832607
274670077.465663
274670577.310410
274671078.373943
274671580.663477
274672084.186347
274672588.950014
274673094.962056
274673602.230175
274674110.762190
274674620.566045
274675131.649796
274675644.021621
274676157.689811
274676672.662768
274677188.949004
274677706.557137
274678225.495889
274678745.774074
274679267.400598
274679790.384453
274680314.734710
274680840.460503
274681367.571024
274681896.075519
274682425.983263
274682957.303554
274683490.045693
274684024.218965
274684559.832626
274685096.895874
274685635.417821
274686175.407467
274686716.873675
274687259.825132
274687804.270290
274688350.217348
274688897.674191
274689446.648339
274689997.146867
274690549.176352
274691102.742805
274691657.851559
274692214.507186
274692772.713391
274693332.472902
274693893.787309
274694456.656939
274695021.080692
274695587.055846
274696154.577853
274696723.640123
274697294.233769
274697866.347314
274698439.966393
274699015.073412
274699591.647148
274700169.662341
274700749.089221
274701329.892995
274701912.033273
274702495.463447
274703080.130010
274703665.971807
274704252.919218
274704840.893286
274705429.804769
274706019.553126
274706610.025446
274707201.095328
274707792.621708
274708384.447681
274708976.399310
274709568.284483
274710159.891832
274710750.989796
274711341.325865
274711930.626090
274712518.594956
274713104.915696
274713689.251181
274714271.245466
274714850.526126
274715426.707457
274715999.394580
274716568.188444
274716647.114651

   Range (km)   
----------------
274726333.565243
274726779.242367
274727225.615873
274727667.640617
274728105.614303
274728539.829299
274728970.570151
274729398.111682
274729822.717589
274730244.639480
274730664.116295
274731081.374012
274731496.625623
274731910.071290
274732321.898653
274732732.283250
274733141.389008
274733549.368797
274733956.364997
274734362.510097
274734767.927278
274735172.731005
274735577.027586
274735980.915726
274736384.487042
274736787.826566
274737191.013209
274737594.120204
274737997.215520
274738400.362244
274738803.618945
274739207.040009
274739610.675945
274740014.573676
274740418.776806
274740823.325869
274741228.258551
274741633.609908
274742039.412559
274742445.696863
274742852.491089
274743259.821568
274743667.712839
274744076.187771
274744485.267695
274744894.972509
274745305.320781
274745716.329849
274746128.015908
274746540.394090
274746953.478540
274747367.282490
274747781.818317
274748197.097610
274748613.131221
274749029.929320
274749447.501441
274749865.856527
274750285.002973
274750704.948661
274751125.701001
274751547.266956
274751969.653084
274752392.865559
274752816.910198
274753241.792490
274753667.517618
274754094.090480
274754521.515707
274754949.797689
274755378.940585
274755808.948345
274756239.824724
274756671.573295
274757104.197467
274757537.700491
274757972.085477
274758407.355407
274758843.513141
274759280.561428
274759718.502917
274760157.340167
274760597.075649
274761037.711761
274761479.250836
274761921.695138
274762365.046882
274762809.308233
274763254.481314
274763700.568208
274764147.570968
274764595.491622
274765044.332175
274765494.094612
274765944.780908
274766396.393028
274766848.932931
274767302.402576
274767756.803922
274768212.138936
274768668.409591
274769125.617876
274769583.765792
274770042.855357
274770502.888611
274770963.867619
274771425.794468
274771888.671275
274772352.500191
274772817.283395
274773283.023105
274773749.721572
274774217.381092
274774686.004002
274775155.592678
274775626.149548
274776097.677084
274776570.177809
274777043.654296
274777518.109174
274777993.545127
274778469.964891
274778947.371269
274779425.767119
274779905.155361
274780385.538982
274780866.921034
274781349.304636
274781832.692973
274782317.089307
274782802.496967
274783288.919360
274783776.359964
274784264.822340
274784754.310125
274785244.827034
274785736.376872
274786228.963521
274786722.590950
274787217.263217
274787712.984470
274788209.758943
274788707.590965
274789206.484960
274789706.445446
274790207.477038
274790709.584447
274791212.772491
274791717.046083
274792222.410242
274792728.870095
274793236.430870
274793745.097907
274794254.876652
274794765.772666
274795277.791620
274795790.939299
274796305.221601
274796820.644545
274797337.214262
274797854.937004
274798373.819142
274798893.867168
274799415.087692
274799937.487449
274800461.073294
274800985.852204
274801511.831279
274802039.017741
274802567.418933
274803097.042317
274803627.895481
274804159.986126
274804693.322070
274805227.911246
274805763.761704
274806300.881595
274806839.279178
274807378.962815
274807919.940960
274808462.222158
274809005.815031
274809550.728283
274810096.970681
274810644.551044
274811193.478234
274811743.761147
274812295.408689
274812848.429771
274813402.833274
274813958.628042
274814515.822851
274815074.426391
274815634.447217
274816195.893732
274816758.774147
274817323.096442
274817888.868299
274818456.097072
274819024.789724
274819594.952761
274820166.592143
274820739.713226
274821314.320666
274821890.418312
274822468.009087
274823047.094884
274823627.676416
274824209.753051
274824793.322649
274825378.381381
274825964.923495
274826552.941086
274827142.423841
274827733.358738
274828325.729717
274828919.517328
274829514.698332
274830111.245253
274830709.125895
274831308.302806
274831908.732684
274832510.365734
274833113.144951
274833717.005356
274834321.873156
274834927.664829
274835534.286174
274836141.631251
274836749.581312
274837358.003650
274837966.750433
274838575.657517
274839184.543278
274839618.900812

   Range (km)   
----------------
275246303.048456
275246675.026857
275247052.238692
275247429.634242
275247807.257680
275248185.150130
275248563.349888
275248941.892633
275249320.811619
275249700.137856
275250079.900273
275250460.125869
275250840.839854
275251222.065786
275251603.825681
275251986.140128
275252369.028398
275252752.508528
275253136.597418
275253521.310906
275253906.663849
275254292.670189
275254679.343016
275255066.694634
275255454.736613
275255843.479836
275256232.934556
275256623.110435
275257014.016585
275257405.661605
275257798.053624
275258191.200327
275258585.108987
275258979.786497
275259375.239393
275259771.473883
275260168.495866
275260566.310958
275260964.924508
275261364.341621
275261764.567176
275262165.605837
275262567.462074
275262970.140176
275263373.644267
275263777.978312
275264183.146138
275264589.151438
275264995.997786
275265403.688645
275265812.227377
275266221.617251
275266631.861454
275267042.963094
275267454.925214
275267867.750793
275268281.442755
275268696.003975
275269111.437288
275269527.745488
275269944.931340
275270362.997579
275270781.946922
275271201.782066
275271622.505694
275272044.120481
275272466.629098
275272890.034212
275273314.338496
275273739.544625
275274165.655284
275274592.673170
275275020.600997
275275449.441496
275275879.197415
275276309.871533
275276741.466650
275277173.985593
275277607.431227
275278041.806444
275278477.114175
275278913.357387
275279350.539090
275279788.662334
275280227.730213
275280667.745871
275281108.712496
275281550.633329
275281993.511661
275282437.350841
275282882.154270
275283327.925410
275283774.667780
275284222.384961
275284671.080599
275285120.758403
275285571.422149
275286023.075683
275286475.722917
275286929.367841
275287384.014513
275287839.667069
275288296.329719
275288754.006758
275289212.702553
275289672.421559
275290133.168311
275290594.947432
275291057.763629
275291521.621700
275291986.526533
275292452.483106
275292919.496490
275293387.571856
275293856.714467
275294326.929687
275294798.222976
275295270.599901
275295744.066129
275296218.627431
275296694.289688
275297171.058884
275297648.941115
275298127.942587
275298608.069618
275299089.328639
275299571.726194
275300055.268947
275300539.963674
275301025.817272
275301512.836753
275302001.029253
275302490.402025
275302980.962442
275303472.718000
275303965.676316
275304459.845124
275304955.232283
275305451.845770
275305949.693679
275306448.784224
275306949.125735
275307450.726655
275307953.595536
275308457.741045
275308963.171947
275309469.897108
275309977.925492
275310487.266151
275310997.928223
275311509.920914
275312023.253501
275312537.935316
275313053.975741
275313571.384179
275314090.170058
275314610.342805
275315131.911833
275315654.886513
275316179.276150
275316705.089968
275317232.337074
275317761.026423
275318291.166779
275318822.766682
275319355.834405
275319890.377887
275320426.404684
275320963.921910
275321502.936172
275322043.453463
275322585.479099
275323129.017617
275323674.072661
275324220.646851
275324768.741660
275325318.357267
275325869.492367
275326422.143997
275326976.307331
275327531.975441
275328089.139031
275328647.786170
275329207.901958
275329769.468175
275330332.462900
275330896.860068
275331462.629000
275332029.733873
275332598.133146
275333167.778923
275333738.616260
275334310.582411
275334883.606008
275335457.606176
275336032.491589
275336608.159458
275337184.494470
275337761.367682
275338338.635383
275338916.137951
275339493.698723
275340071.122927
275340648.196709
275341224.686322
275341800.337534
275342374.875338
275342948.004053
275343519.407897
275344088.752141
275344655.684939
275345219.839910
275345780.839574
275346338.299656
275346865.153622

   Range (km)   
----------------
275356010.263313
275356450.549107
275356889.387625
275357323.888497
275357754.339337
275358181.023970
275358604.219803
275359024.195754
275359441.210707
275359855.512408
275360267.336745
275360676.907346
275361084.435438
275361490.119916
275361894.147559
275362296.693388
275362697.921094
275363097.983534
275363497.023263
275363895.173093
275364292.556649
275364689.288931
275365085.476855
275365481.219793
275365876.610069
275366271.733452
275366666.669616
275367061.492567
275367456.271055
275367851.068953
275368245.945616
275368640.956208
275369036.152012
275369431.580719
275369827.286690
275370223.311203
275370619.692679
275371016.466898
275371413.667188
275371811.324606
275372209.468110
275372608.124703
275373007.319583
275373407.076272
275373807.416737
275374208.361503
275374609.929753
275375012.139430
275375415.007324
275375818.549149
275376222.779624
275376627.712546
275377033.360849
275377439.736665
275377846.851387
275378254.715715
275378663.339703
275379072.732807
275379482.903931
275379893.861457
275380305.613285
275380718.166868
275381131.529243
275381545.707055
275381960.706591
275382376.533802
275382793.194328
275383210.693516
275383629.036448
275384048.227952
275384468.272624
275384889.174848
275385310.938805
275385733.568492
275386157.067736
275386581.440205
275387006.689423
275387432.818775
275387859.831529
275388287.730834
275388716.519737
275389146.201190
275389576.778058
275390008.253128
275390440.629113
275390873.908668
275391308.094384
275391743.188804
275392179.194424
275392616.113706
275393053.949071
275393492.702913
275393932.377607
275394372.975501
275394814.498934
275395256.950229
275395700.331707
275396144.645682
275396589.894470
275397036.080393
275397483.205777
275397931.272960
275398380.284293
275398830.242146
275399281.148906
275399733.006982
275400185.818809
275400639.586850
275401094.313595
275401550.001568
275402006.653331
275402464.271476
275402922.858638
275403382.417495
275403842.950764
275404304.461211
275404766.951646
275405230.424932
275405694.883982
275406160.331759
275406626.771287
275407094.205642
275407562.637962
275408032.071444
275408502.509348
275408973.954997
275409446.411780
275409919.883158
275410394.372655
275410869.883869
275411346.420473
275411823.986212
275412302.584907
275412782.220459
275413262.896848
275413744.618134
275414227.388462
275414711.212061
275415196.093247
275415682.036423
275416169.046082
275416657.126812
275417146.283289
275417636.520285
275418127.842673
275418620.255420
275419113.763593
275419608.372360
275420104.086996
275420600.912876
275421098.855483
275421597.920407
275422098.113349
275422599.440119
275423101.906637
275423605.518940
275424110.283179
275424616.205617
275425123.292638
275425631.550743
275426140.986549
275426651.606797
275427163.418344
275427676.428170
275428190.643375
275428706.071181
275429222.718930
275429740.594084
275430259.704228
275430780.057063
275431301.660409
275431824.522201
275432348.650489
275432874.053434
275433400.739306
275433928.716480
275434457.993428
275434988.578719
275435520.481011
275436053.709049
275436588.271644
275437124.177677
275437661.436085
275438200.055850
275438740.045980
275439281.415500
275439824.173438
275440368.328801
275440913.890552
275441460.867592
275442009.268730
275442559.102655
275443110.377902
275443663.102811
275444217.285488
275444772.933764
275445330.055136
275445888.656703
275446448.745115
275447010.326495
275447573.406351
275448137.989493
275448704.079933
275449271.680775
275449840.794075
275450411.420720
275450983.560270
275451557.210777
275452132.368595
275452709.028176
275453287.181828
275453866.819443
275454447.928216
275455030.492317
275455614.492528
275456199.905847
275456786.705046
275457374.858190
275457964.328093
275458555.071734
275459147.039615
275459740.175048
275460334.413391
275460929.681218
275461525.895423
275462122.962254
275462720.776300
275463319.219419
275463918.159622
275464517.449933
275465116.927248
275465716.411217
275466315.703193
275466914.585287
275467512.819600
275468110.147684
275468706.290332
275469300.947752
275469893.800261
275470484.509563
275471072.720734
275471658.065012
275472240.163457
275472818.631534
275473256.992549

   Range (km)   
----------------
275482732.403780
275483194.600711
275483655.927814
275484112.885513
275484565.759270
275485014.831086
275485460.376827
275485902.664125
275486341.950786
275486778.483651
275487212.497850
275487644.216366
275488073.849877
275488501.596799
275488927.643499
275489352.164626
275489775.323535
275490197.272779
275490618.154627
275491038.101619
275491457.237118
275491875.675873
275492293.524550
275492710.882271
275493127.841115
275493544.486603
275493960.898155
275494377.149525
275494793.309205
275495209.440809
275495625.603425
275496041.851950
275496458.237394
275496874.807169
275497291.605358
275497708.672955
275498126.048093
275498543.766259
275498961.860489
275499380.361544
275499799.298078
275500218.696795
275500638.582589
275501058.978671
275501479.906701
275501901.386892
275502323.438117
275502746.078001
275503169.323019
275503593.188569
275504017.689052
275504442.837944
275504868.647859
275505295.130609
275505722.297262
275506150.158199
275506578.723148
275507008.001245
275507438.001065
275507868.730670
275508300.197634
275508732.409084
275509165.371733
275509599.091902
275510033.575553
275510468.828311
275510904.855492
275511341.662121
275511779.252950
275512217.632489
275512656.805008
275513096.774567
275513537.545025
275513979.120058
275514421.503169
275514864.697705
275515308.706870
275515753.533729
275516199.181229
275516645.652201
275517092.949374
275517541.075383
275517990.032774
275518439.824019
275518890.451518
275519341.917607
275519794.224567
275520247.374628
275520701.369975
275521156.212753
275521611.905081
275522068.449041
275522525.846697
275522984.100095
275523443.211263
275523606.164648

   Range (km)   
----------------
275929481.007392
275929963.079913
275930448.156189
275930934.382690
275931421.767446
275931910.318604
275932400.044436
275932890.953324
275933383.053772
275933876.354392
275934370.863908
275934866.591150
275935363.545053
275935861.734648
275936361.169057
275936861.857492
275937363.809241
275937867.033665
275938371.540183
275938877.338265
275939384.437421
275939892.847185
275940402.577094
275940913.636679
275941426.035444
275941939.782841
275942454.888236
275942971.360899
275943489.209961
275944008.444381
275944529.072902
275945051.104012
275945574.545900
275946099.406387
275946625.692870
275947153.412259
275947682.570898
275948213.174472
275948745.227915
275949278.735310
275949813.699768
275950350.123285
275950888.006606
275951427.349066
275951968.148392
275952510.400507
275953054.099314
275953599.236428
275954145.800911
275954693.778958
275955243.153554
275955793.904096
275956346.005971
275956899.430098
275957454.142413
275958010.103310
275958567.267027
275959125.580968
275959684.984983
275960245.410561
275960806.779983
275961369.005405
275961931.987881
275962495.616336
275963059.766501
275963624.299814
275964189.062313
275964753.883545
275965318.575533
275965882.931830
275966446.726721
275967009.714650
275967571.629924
275968132.186798
275968691.080035
275969247.986038
275969802.564630
275970354.461594
275970903.311984
275971448.744246
275971990.385101
275972133.137810

   Range (km)   
----------------
275980750.201021
275981180.181565
275981612.179528
275982039.820627
275982463.382497
275982883.140538
275983299.365127
275983712.319421
275984122.257654
275984529.423886
275984934.051150
275985336.360921
275985736.562866
275986134.854806
275986531.422853
275986926.441693
275987320.074952
275987712.475634
275988103.786624
275988494.141191
275988883.663532
275989272.469295
275989660.666115
275990048.354116
275990435.626415
275990822.569591
275991209.264139
275991595.784892
275991982.201425
275992368.578436
275992754.976090
275993141.450354
275993528.053302
275993914.833400
275994301.835771
275994689.102438
275995076.672557
275995464.582620
275995852.866655
275996241.556409
275996630.681504
275997020.269603
275997410.346547
275997800.936486
275998192.062001
275998583.744221
275998976.002924
275999368.856630
275999762.322698
276000156.417403
276000551.156014
276000946.552864
276001342.621418
276001739.374332
276002136.823511
276002534.980160
276002933.854833
276003333.457478
276003733.797480
276004134.883700
276004536.724512
276004939.327832
276005342.701154
276005746.851585
276006151.785859
276006557.510369
276006964.031197
276007371.354127
276007779.484669
276008188.428079
276008598.189379
276009008.773369
276009420.184648
276009832.427626
276010245.506538
276010659.425460
276011074.188316
276011489.798896
276011906.260862
276012323.577759
276012741.753029
276013160.790011
276013580.691960
276014001.462046
276014423.103372
276014845.618967
276015269.011806
276015693.284811
276016118.440854
276016544.482768
276016971.413352
276017399.235371
276017827.951567
276018257.564660
276018688.077356
276019119.492346
276019551.812313
276019985.039939
276020419.177902
276020854.228887
276021290.195580
276021727.080682
276022164.886905
276022603.616975
276023043.273640
276023483.859668
276023925.377851
276024367.831007
276024811.221987
276025255.553672
276025700.828974
276026147.050848
276026594.222282
276027042.346308
276027491.426002
276027941.464483
276028392.464920
276028844.430527
276029297.364576
276029751.270386
276030206.151335
276030662.010858
276031118.852449
276031576.679660
276032035.496109
276032495.305479
276032956.111517
276033417.918039
276033880.728933
276034344.548157
276034809.379742
276035275.227794
276035742.096499
276036209.990119
276036678.912996
276037148.869558
276037619.864314
276038091.901857
276038564.986873
276039039.124131
276039514.318496
276039990.574920
276040467.898454
276040946.294244
276041425.767531
276041906.323658
276042387.968066
276042870.706301
276043354.544011
276043839.486952
276044325.540984
276044812.712076
276045301.006308
276045790.429872
276046280.989070
276046772.690319
276047265.540151
276047759.545214
276048254.712272
276048751.048208
276049248.560022
276049747.254832
276050247.139880
276050748.222522
276051250.510235
276051754.010615
276052258.731379
276052764.680357
276053271.865499
276053780.294869
276054289.976644
276054800.919110
276055313.130659
276055826.619792
276056341.395106
276056857.465291
276057374.839129
276057893.525482
276058413.533290
276058934.871554
276059457.549333
276059981.575730
276060506.959884
276061033.710946
276061561.838067
276062091.350384
276062622.257000
276063154.566946
276063688.289171
276064223.432504
276064760.005635
276065298.017054
276065837.475027
276066378.387549
276066920.762296
276067464.606549
276068009.927148
276068556.730422
276069105.022102
276069654.807224
276070206.090047
276070758.873939
276071313.161246
276071868.953155
276072426.249557
276072985.048866
276073545.347820
276074107.141295
276074670.422058
276075235.180500
276075801.404368
276076369.078429
276076938.184125
276077508.699175
276078080.597152
276078653.846996
276079228.412489
276079804.251686
276080381.316271
276080959.550873
276081538.892311
276082119.268784
276082700.598995
276083282.791209
276083865.742272
276084449.336559
276085033.444903
276085617.923491
276086202.612769
276086787.336365
276087371.900097
276087956.091084
276088539.677036
276089122.405786
276089704.005146
276090284.183168
276090862.628919
276091439.013848
276092012.993857
276092584.212113
276093152.302680
276093716.894953
276094254.007018

   Range (km)   
----------------
276103158.055143
276103610.674094
276104065.282552
276104515.564147
276104961.793106
276105404.241930
276105843.178565
276106278.864130
276106711.551156
276107141.482289
276107568.889381
276107993.992919
276108417.001741
276108838.112970
276109257.512129
276109675.373393
276110091.859949
276110507.124416
276110921.309331
276111334.547648
276111746.963275
276112158.671584
276112569.779944
276112980.388226
276113390.589293
276113800.469476
276114210.109019
276114619.582504
276115028.959254
276115438.303705
276115847.675764
276116257.131132
276116666.721613
276117076.495399
276117486.497332
276117896.769153
276118307.349727
276118718.275254
276119129.579465
276119541.293800
276119953.447581
276120366.068158
276120779.181055
276121192.810104
276121606.977568
276122021.704247
276122437.009589
276122852.911785
276123269.427857
276123686.573740
276124104.364364
276124522.813717
276124941.934919
276125361.740275
276125782.241340
276126203.448963
276126625.373343
276127048.024071
276127471.410172
276127895.540143
276128320.421993
276128746.063276
276129172.471118
276129599.652253
276130027.613048
276130456.359524
276130885.897387
276131316.232047
276131747.368639
276132179.312042
276132612.066895
276133045.637624
276133480.028444
276133915.243383
276134351.286294
276134788.160868
276135225.870647
276135664.419032
276136103.809300
276136544.044610
276136985.128012
276137427.062462
276137869.850822
276138313.495875
276138758.000328
276139203.366826
276139649.597948
276140096.696223
276140544.664135
276140993.504121
276141443.218587
276141893.809904
276142345.280421
276142797.632463
276143250.868341
276143704.990352
276144160.000785
276144615.901924
276145072.696054
276145530.385462
276145988.972442
276146448.459295
276146908.848340
276147370.141906
276147832.342346
276148295.452031
276148759.473358
276149224.408750
276149690.260659
276150157.031573
276150624.724009
276151093.340525
276151562.883715
276152033.356216
276152504.760708
276152977.099916
276153450.376616
276153924.593628
276154399.753827
276154875.860143
276155352.915559
276155830.923116
276156309.885918
276156789.807125
276157270.689964
276157752.537725
276158235.353766
276158719.141515
276159203.904466
276159689.646191
276160176.370333
276160664.080611
276161152.780820
276161642.474839
276162133.166626
276162624.860218
276163117.559744
276163611.269413
276164105.993524
276164601.736469
276165098.502729
276165596.296876
276166095.123580
276166594.987608
276167095.893823
276167597.847191
276168100.852777
276168604.915751
276169110.041385
276169616.235061
276170123.502268
276170631.848602
276171141.279771
276171651.801598
276172163.420016
276172676.141072
276173189.970932
276173704.915877
276174220.982306
276174738.176736
276175256.505805
276175775.976268
276176296.595003
276176818.369006
276177341.305395
276177865.411404
276178390.694390
276178917.161828
276179444.821308
276179973.680535
276180503.747331
276181035.029623
276181567.535449
276182101.272948
276182636.250363
276183172.476027
276183709.958360
276184248.705868
276184788.727129
276185330.030782
276185872.625521
276186416.520085
276186961.723243
276187508.243773
276188056.090453
276188605.272038
276189155.797243
276189707.674714
276190260.912998
276190815.520522
276191371.505556
276191928.876171
276192487.640198
276193047.805179
276193609.378329
276194172.366452
276194736.775889
276195302.612446
276195869.881316
276196438.586964
276197008.733048
276197580.322304
276198153.356409
276198727.835836
276199303.759717
276199881.125650
276200459.929505
276201040.165216
276201621.824539
276202204.896772
276202789.368473
276203375.223125
276203962.440766
276204550.997595
276205140.865516
276205732.011656
276206324.397816
276206917.979881
276207512.707172
276208108.521735
276208705.357573
276209303.139814
276209901.783824
276210501.194248
276211101.264012
276211701.873273
276212302.888328
276212904.160526
276213505.525175
276214106.800498
276214707.786674
276215308.265007
276215907.997303
276216180.004542

   Range (km)   
----------------
276619938.001490
276620323.688611
276620713.344920
276621103.593868
276621494.448780
276621885.922204
276622278.025967
276622670.771224
276623064.168508
276623458.227768
276623852.958413
276624248.369348
276624644.469009
276625041.265396
276625438.766101
276625836.978338
276626235.908972
276626635.564537
276627035.951265
276627437.075102
276627838.941734
276628241.556602
276628644.924915
276629049.051679
276629453.941701
276629859.599606
276630266.029853
276630673.236747
276631081.224448
276631489.996987
276631899.558273
276632309.912102
276632721.062170
276633133.012080
276633545.765350
276633959.325420
276634373.695660
276634788.879381
276635204.879835
276635621.700222
276636039.343706
276636457.813404
276636877.112404
276637297.243767
276637718.210531
276638140.015715
276638562.662321
276638986.153347
276639410.491781
276639835.680610
276640261.722823
276640688.621414
276641116.379386
276641544.999752
276641974.485542
276642404.839802
276642836.065599
276643268.166025
276643701.144197
276644135.003260
276644569.746391
276645005.376801
276645441.897738
276645879.312485
276646317.624371
276646756.836764
276647196.953076
276647637.976772
276648079.911361
276648522.760405
276648966.527519
276649411.216375
276649856.830701
276650303.374283
276650750.850971
276651199.264677
276651648.619376
276652098.919111
276652550.167995
276653002.370210
276653455.530010
276653909.651724
276654364.739756
276654820.798588
276655277.832782
276655735.846979
276656194.845905
276656654.834370
276657115.817271
276657577.799592
276658040.786407
276658504.782884
276658969.794280
276659435.825952
276659902.883347
276660370.972018
276660840.097614
276661310.265883
276661781.482682
276662253.753969
276662727.085808
276663201.484373
276663676.955945
276664153.506917
276664631.143790
276665109.873185
276665589.701831
276666070.636574
276666552.684377
276667035.852318
276667520.147594
276668005.577519
276668492.149526
276668979.871167
276669468.750110
276669958.794143
276670450.011172
276670942.409215
276671435.996411
276671930.781008
276672426.771367
276672923.975957
276673422.403353
276673922.062230
276674422.961362
276674925.109617
276675428.515943
276675933.189372
276676439.139004
276676946.374007
276677454.903593
276677964.737017
276678475.883561
276678988.352521
276679502.153181
276680017.294804
276680533.786607
276681051.637739
276681570.857243
276682091.454040
276682613.436886
276683136.814341
276683661.594718
276684187.786034
276684715.395970
276685244.431802
276685774.900330
276686306.807809
276686840.159874
276687374.961436
276687911.216578
276688448.928449
276688988.099141
276689528.729522
276690070.819103
276690614.365851
276691159.365994
276691705.813797
276692253.701329
276692803.018191
276693353.751206
276693905.884106
276694459.397146
276695014.266715
276695570.464876
276696127.958876
276696686.710607
276697246.676006
276697807.804407
276698370.037838
276698933.310248
276699497.546687
276700062.662419
276700628.561986
276701195.138218
276701762.271207
276702329.827258
276702897.657832
276703465.598503
276704033.467984
276704601.067240
276705168.178742
276705734.565943
276706299.973029
276706864.125019
276707426.728323
276707987.471841
276708546.028682
276709102.058636
276709655.211404
276710205.130675
276710751.458959
276711084.868431

   Range (km)   
----------------
276719377.993571
276719821.305871
276720265.992688
276720706.370690
276721142.702614
276721575.251208
276722004.276230
276722430.032005
276722852.765500
276723272.714875
276723690.108421
276724105.163866
276724518.087961
276724929.076307
276725338.313372
276725745.972670
276726152.217036
276726557.199000
276726961.061211
276727363.936912
276727765.950418
276728167.217620
276728567.846486
276728967.937544
276729367.584362
276729766.874006
276730165.887480
276730564.700141
276730963.382091
276731361.998552
276731760.610212
276732159.273550
276732558.041139
276732956.961932
276733356.081522
276733755.442387
276734155.084121
276734555.043637
276734955.355365
276735356.051438
276735757.161850
276736158.714613
276736560.735905
276736963.250197
276737366.280376
276737769.847860
276738173.972701
276738578.673685
276738983.968417
276739389.873408
276739796.404150
276740203.575191
276740611.400193
276741019.892004
276741429.062708
276741838.923677
276742249.485626
276742660.758654
276743072.752288
276743485.475520
276743898.936849
276744313.144310
276744728.105508
276745143.827648
276745560.317560
276745977.581730
276746395.626319
276746814.457187
276747234.079915
276747654.499824
276748075.721994
276748497.751281
276748920.592329
276749344.249594
276749768.727351
276750194.029707
276750620.160620
276751047.123903
276751474.923241
276751903.562195
276752333.044222
276752763.372672
276753194.550805
276753626.581797
276754059.468748
276754493.214686
276754927.822578
276755363.295338
276755799.635826
276756236.846860
276756674.931220
276757113.891654
276757553.730879
276757994.451594
276758436.056473
276758878.548181
276759321.929370
276759766.202688
276760211.370778
276760657.436286
276761104.401864
276761552.270169
276762001.043872
276762450.725656
276762901.318224
276763352.824297
276763805.246619
276764258.587963
276764712.851127
276765168.038939
276765624.154263
276766081.200000
276766539.179084
276766998.094492
276767457.949245
276767918.746407
276768380.489087
276768843.180448
276769306.823699
276769771.422104
276770236.978981
276770703.497707
276771170.981716
276771639.434504
276772108.859629
276772579.260713
276773050.641445
276773523.005583
276773996.356955
276774470.699460
276774946.037071
276775422.373838
276775899.713887
276776378.061422
276776857.420732
276777337.796184
276777819.192234
276778301.613419
276778785.064369
276779269.549802
276779755.074527
276780241.643447
276780729.261560
276781217.933958
276781707.665835
276782198.462484
276782690.329298
276783183.271773
276783677.295514
276784172.406226
276784668.609726
276785165.911940
276785664.318901
276786163.836756
276786664.471768
276787166.230308
276787669.118865
276788173.144044
276788678.312569
276789184.631276
276789692.107122
276790200.747183
276790710.558650
276791221.548834
276791733.725162
276792247.095179
276792761.666545
276793277.447033
276793794.444530
276794312.667032
276794832.122640
276795352.819562
276795874.766105
276796397.970669
276796922.441744
276797448.187904
276797975.217796
276798503.540137
276799033.163703
276799564.097309
276800096.349810
276800629.930080
276801164.846999
276801701.109426
276802238.726190
276802777.706065
276803318.057743
276803859.789795
276804402.910658
276804947.428588
276805493.351622
276806040.687523
276806589.443750
276807139.627387
276807691.245082
276808244.302978
276808798.806637
276809354.760954
276809912.170050
276810471.037173
276811031.364577
276811593.153383
276812156.403425
276812721.113095
276813287.279149
276813854.896499
276814423.957984
276814994.454122
276815566.372812
276816139.699035
276816714.414493
276817290.497229
276817867.921201
276818446.655811
276819026.665387
276819607.908614
276820190.337919
276820773.898784
276821358.529017
276821944.157951
276822530.705592
276823118.081704
276823706.184851
276824294.901373
276824884.104364
276825473.652596
276826063.389482
276826653.142054
276827242.720031
276827831.915003
276828420.499796
276829008.228080
276829594.834309
276830180.034054
276830763.524855
276831344.987655
276831924.088935
276832500.483602
276833073.818681
276833643.737794
276834209.886356
276834285.410789

   Range (km)   
----------------
276842851.570832
276843318.859764
276843786.456089
276844249.726454
276844708.930707
276845164.329099
276845616.179259
276846064.733711
276846510.237920
276846952.928788
276847393.033568
276847830.769117
276848266.341456
276848699.945576
276849131.765424
276849561.974066
276849990.733945
276850418.197251
276850844.506322
276851269.794114
276851694.184680
276852117.793660
276852540.728771
276852963.090307
276853384.971596
276853806.459466
276854227.634679
276854648.572349
276855069.342332
276855490.009594
276855910.634569
276856331.273472
276856751.978607
276857172.798658
276857593.778936
276858014.961641
276858436.386074
276858858.088861
276859280.104135
276859702.463728
276860125.197331
276860548.332650
276860971.895552
276861395.910192
276861820.399143
276862245.383505
276862670.883006
276863096.916110
276863523.500095
276863950.651144
276864378.384421
276864806.714141
276865235.653634
276865665.215412
276866095.411225
276866526.252109
276866957.748440
276867389.909978
276867822.745912
276868256.264893
276868690.475077
276869125.384160
276869560.999405
276869997.327672
276870434.375450
276870872.148880
276871310.653781
276871749.895669
276872189.879780
276872630.611092
276873072.094340
276873514.334036
276873957.334481
276874401.099785
276874845.633881
276875290.940532
276875737.023351
276876183.885809
276876631.531247
276877079.962886
276877529.183836
276877979.197109
276878430.005621
276878881.612208
276879334.019628
276879787.230570
276880241.247661
276880696.073474
276881151.710532
276881608.161316
276882065.428265
276882523.513792
276882982.420280
276883442.150086
276883902.705556
276884364.089017
276884826.302790
276885289.349185
276885753.230519
276886217.949105
276886683.507262
276887149.907321
276887617.151621
276888085.242521
276888554.182392
276889023.973633
276889494.618663
276889966.119926
276890438.479901
276890911.701094
276891385.786046
276891860.737336
276892336.557582
276892813.249441
276893290.815616
276893769.258855
276894248.581954
276894728.787759
276895209.879167
276895691.859131
276896174.730659
276896658.496815
276897143.160728
276897628.725586
276898115.194639
276898602.571207
276899088.308687

   Range (km)   
----------------
277306772.826577
277307308.962405
277307850.031914
277308392.392433
277308936.018744
277309480.881113
277310026.944779
277310574.169387
277311122.508384
277311671.908344
277312222.308246
277312773.638688
277313325.821057
277313878.766623
277314432.375611
277314986.536203
277315541.123542
277316095.998690
277316651.007626
277317205.980276
277317760.729613
277318315.050903
277318868.721136
277319421.498697
277319973.123387
277320523.316834
277321071.783407
277321618.211681
277322162.276549
277322703.642034
277323241.964854
277323776.898773
277324308.099728
277324431.046540

   Range (km)   
----------------
277332135.538738
277332570.771362
277333008.208836
277333441.313095
277333870.335344
277334295.528598
277334717.144517
277335135.430777
277335550.628978
277335962.972999
277336372.687792
277336779.988538
277337185.080105
277337588.156771
277337989.402138
277338388.989238
277338787.080727
277339183.829208
277339579.377604
277339973.859581
277340367.399999
277340760.115395
277341152.114438
277341543.498412
277341934.361674
277342324.792099
277342714.871511
277343104.676088
277343494.276757
277343883.739551
277344273.125961
277344662.493258
277345051.894790
277345441.380268
277345830.996029
277346220.785279
277346610.788319
277347001.042755
277347391.583696
277347782.443932
277348173.654101
277348565.242846
277348957.236961
277349349.661517
277349742.539989
277350135.894372
277350529.745282
277350924.112054
277351319.012841
277351714.464682
277352110.483592
277352507.084630
277352904.281967
277353302.088944
277353700.518132
277354099.581390
277354499.289904
277354899.654240
277355300.684390
277355702.389800
277356104.779419
277356507.861727
277356911.644771
277357316.136190
277357721.343245
277358127.272848
277358533.931584
277358941.325730
277359349.461285
277359758.343979
277360167.979301
277360578.372511
277360989.528658
277361401.452594
277361814.148990
277362227.622352
277362641.877024
277363056.917210
277363472.746980
277363889.370283
277364306.790956
277364725.012729
277365144.039242
277365563.874048
277365984.520618
277366405.982359
277366828.262607
277367251.364646
277367675.291704
277368100.046969
277368525.633586
277368952.054666
277369379.313294
277369807.412526
277370236.355402
277370666.144945
277371096.784168
277371528.276075
277371960.623668
277372393.829952
277372827.897931
277373262.830620
277373698.631042
277374135.302237
277374572.847258
277375011.269181
277375450.571102
277375890.756144
277376331.827455
277376773.788218
277377216.641645
277377660.390983
277378105.039521
277378550.590583
277378997.047539
277379444.413801
277379892.692829
277380341.888131
277380792.003265
277381243.041844
277381695.007536
277382147.904061
277382601.735205
277383056.504810
277383512.216782
277383968.875091
277384426.483775
277384885.046940
277385344.568760
277385805.053484
277386266.505434
277386728.929007
277387192.328680
277387656.709005
277388122.074619
277388588.430240
277389055.780673
277389524.130807
277389993.485620
277390463.850181
277390935.229648
277391407.629276
277391881.054415
277392355.510508
277392831.003099
277393307.537831
277393785.120452
277394263.756809
277394743.452855
277395224.214649
277395706.048359
277396188.960259
277396672.956735
277397158.044285
277397644.229516
277398131.519151
277398619.920026
277399109.439093
277399600.083416
277400091.860179
277400584.776678
277401078.840326
277401574.058650
277402070.439297
277402567.990020
277403066.718690
277403566.633288
277404067.741903
277404570.052728
277405073.574065
277405578.314312
277406084.281960
277406591.485593
277407099.933879
277407609.635563
277408120.599457
277408632.834436
277409146.349424
277409661.153384
277410177.255305
277410694.664183
277411213.389008
277411733.438749
277412254.822323
277412777.548575
277413301.626253
277413827.063982
277414353.870216
277414882.053211
277415411.620979
277415942.581250
277416474.941398
277417008.708396
277417543.888756
277418080.488440
277418618.512781
277419157.966398
277419698.853095
277420241.175729
277420784.936098
277421330.134802
277421876.771072
277422424.842597
277422974.345338
277423525.273303
277424077.618299
277424631.369674
277425186.514017
277425743.034822
277426300.912126
277426860.122110
277427420.636646
277427982.422807
277428545.442340
277429109.651063
277429674.998226
277430241.425820
277430808.867812
277431377.249337
277431946.485831
277432516.482117
277433087.131437
277433658.314464
277434229.898293
277434801.735425
277435373.662803
277435945.500899
277436517.052920
277437088.104174
277437658.421664
277438227.753986
277438795.831581
277439362.367453
277439927.058428
277440489.587017
277441049.623977
277441606.831636
277442160.867989
277442711.391542
277443088.097030

   Range (km)   
----------------
277451003.872626
277451459.378837
277451917.056838
277452370.460929
277452819.837995
277453265.437249
277453707.507034
277454146.292153
277454582.031730
277455014.957540
277455445.292749
277455873.251023
277456299.035957
277456722.840752
277457144.848100
277457565.230247
277457984.149184
277458401.756930
277458818.195891
277459233.599285
277459648.091558
277460061.788872
277460474.799546
277460887.224546
277461299.157918
277461710.687242
277462121.894059
277462532.854268
277462943.638522
277463354.312586
277463764.937683
277464175.570815
277464586.265062
277464997.069870
277465408.031303
277465819.192294
277466230.592873
277466642.270367
277467054.259606
277467466.593097
277467879.301195
277468292.412253
277468705.952773
277469119.947533
277469534.419710
277469949.390998
277470364.881711
277470780.910879
277471197.496340
277471614.654826
277472032.402036
277472450.752712
277472869.720701
277473289.319026
277473709.559931
277474130.454944
277474552.014925
277474974.250104
277475397.170138
277475820.784136
277476245.100709
277476670.127994
277477095.873693
277477522.345101
277477949.549130
277478377.492343
277478806.180972
277479235.620943
277479665.817897
277480096.777207
277480528.504005
277480961.003190
277481394.279449
277481828.337271
277482263.180962
277482698.814658
277483135.242340
277483572.467841
277484010.494860
277484449.326973
277484888.967645
277485329.420232
277485770.687997
277486212.774116
277486655.681684
277487099.413724
277487543.973198
277487989.363004
277488435.585990
277488882.644959
277489330.542673
277489779.281859
277490228.865211
277490679.295402
277491130.575084
277491582.706889
277492035.693442
277492489.537358
277492944.241247
277493399.807719
277493856.239390
277494313.538879
277494771.708817
277495230.751848
277495690.670632
277496151.467848
277496613.146194
277497075.708399
277497539.157215
277498003.495422
277498468.725839
277498934.851313
277499401.874732
277499869.799024
277500338.627156
277500808.362141
277501279.007039
277501750.564956
277502223.039052
277502696.432534
277503170.748671
277503645.990783
277504122.162250
277504599.266515
277505077.307081
277505556.287514
277506036.211451
277506517.082594
277506998.904717
277507481.681663
277507965.417354
277508450.115782
277508935.781021
277509422.417223
277509910.028621
277510398.619530
277510888.194351
277511378.757574
277511870.313773
277512362.867614
277512856.423857
277513350.987353
277513846.563049
277514343.155989
277514840.771316
277515339.414275
277515839.090209
277516339.804568
277516841.562906
277517344.370882
277517848.234266
277518353.158935
277518859.150877
277519366.216189
277519874.361086
277520383.591894
277520893.915052
277521405.337117
277521917.864760
277522431.504767
277522946.264045
277523462.149612
277523979.168605
277524497.328274
277525016.635986
277525537.099219
277526058.725562
277526581.522716
277527105.498488
277527630.660784
277528157.017617
277528684.577092
277529213.347403
277529743.336828
277530274.553725
277530807.006522
277531340.703702
277531875.653802
277532411.865395
277532949.347081
277533488.107466
277534028.155149
277534569.498701
277535112.146648
277535656.107439
277536201.389418
277536748.000805
277537295.949654
277537845.243805
277538395.890854
277538947.898105
277539501.272509
277540056.020599
277540612.148436
277541169.661532
277541728.564749
277542288.862223
277542850.557257
277543413.652199
277543978.148310
277544544.045627
277545111.342805
277545680.036918
277546250.123280
277546821.595221
277547394.443825
277547968.657673
277548544.222533
277549121.121023
277549699.332239
277550278.831349
277550859.589135
277551441.571494
277552024.738895
277552609.045777
277553194.439900
277553780.861630
277554368.243182
277554956.507790
277555545.568837
277556135.328923
277556725.678907
277557316.496895
277557907.647243
277558498.979543
277559090.327668
277559681.508875
277560272.323044
277560862.552084
277561451.959578
277562040.290739
277562627.272757
277563212.615615
277563796.013468
277564377.146678
277564955.684565
277565531.288947
277566103.618462
277566672.333601
277566967.322426

   Range (km)   
----------------
277575081.883557
277575559.665050
277576036.640599
277576509.291508
277576977.861879
277577442.598501
277577903.747634
277578361.552323
277578816.250217
277579268.071861
277579717.239406
277580163.965681
277580608.453586
277581050.895736
277581491.474343
277581930.361236
277582367.718052
277582803.696497
277583238.438709
277583672.077644
277584104.737530
277584536.534303
277584967.576085
277585397.963632
277585827.790800
277586257.144970
277586686.107484
277587114.754049
277587543.155114
277587971.376241
277588399.478447
277588827.518524
277589255.549339
277589683.620117
277590111.776706
277590540.061814
277590859.838475

   Range (km)   
----------------
277991416.650904
277991861.674602
277992309.326602
277992757.854812
277993207.263601
277993657.557404
277994108.740732
277994560.818169
277995013.794378
277995467.674098
277995922.462150
277996378.163437
277996834.782944
277997292.325744
277997750.796997
277998210.201952
277998670.545948
277999131.834418
277999594.072890
278000057.266986
278000521.422427
278000986.545034
278001452.640729
278001919.715534
278002387.775578
278002856.827095
278003326.876425
278003797.930015
278004269.994425
278004743.076323
278005217.182487
278005692.319813
278006168.495304
278006645.716082
278007123.989381
278007603.322551
278008083.723056
278008565.198474
278009047.756501
278009531.404945
278010016.151723
278010502.004872
278010988.972530
278011477.062947
278011966.284479
278012456.645581
278012948.154807
278013440.820803
278013934.652305
278014429.658132
278014925.847172
278015423.228386
278015921.810788
278016421.603441
278016922.615441
278017424.855905
278017928.333955
278018433.058703
278018939.039226
278019446.284548
278019954.803613
278020464.605263
278020975.698196
278021488.090932
278022001.791790
278022516.808825
278023033.149784
278023550.822052
278024069.832597
278024590.187890
278025111.893831
278025634.955671
278026159.377911
278026685.164189
278027212.317171
278027740.838420
278028270.728236
278028801.985500
278029334.607498
278029868.589704
278030403.925558
278030940.606226
278031478.620306
278032017.953528
278032558.588412
278033100.503887
278033643.674879
278034188.071846
278034733.660279
278035280.400149
278035828.245300
278036377.142799
278036927.032223
278037477.844894
278038029.503065
278038581.919051
278039134.994318
278039688.618534
278040242.668606
278040797.007698
278041351.484281
278041905.931231
278042460.165013
278043013.985004
278043567.173025
278044119.493126
278044670.691720
278045220.498130
278045768.625639
278046314.773101
278046858.627170
278047399.865202
278047938.158828
278048473.178237
278049004.597120
278049206.637626

   Range (km)   
----------------
278056448.104088
278056898.687035
278057345.140549
278057787.327127
278058225.481348
278058659.841866
278059090.648083
278059518.137344
278059942.542641
278060364.090786
278060783.001001
278061199.483881
278061613.740692
278062025.962922
278062436.332069
278062845.019618
278063252.187137
278063657.986515
278064062.560253
278064466.041840
278064868.556147
278065270.219857
278065671.141910
278066071.423940
278066471.160713
278066870.440564
278067269.345799
278067667.953101
278068066.333904
278068464.554758
278068862.677661
278069260.760382
278069658.856759
278070057.016979
278070455.287837
278070853.712983
278071252.333142
278071651.186330
278072050.308046
278072449.731454
278072849.487550
278073249.605315
278073650.111867
278074051.032586
278074452.391240
278074854.210101
278075256.510052
278075659.310680
278076062.630370
278076466.486393
278076870.894978
278077275.871386
278077681.429981
278078087.584288
278078494.347051
278078901.730289
278079309.745346
278079718.402936
278080127.713183
278080537.685669
278080948.329465
278081359.653166
278081771.664929
278082184.372494
278082597.783221
278083011.904112
278083426.741835
278083842.302748
278084258.592920
278084675.618156
278085093.384004
278085511.895783
278085931.158598
278086351.177352
278086771.956760
278087193.501368
278087615.815559
278088038.903572
278088462.769505
278088887.417335
278089312.850919
278089739.074008
278090166.090259
278090593.903235
278091022.516420
278091451.933225
278091882.156992
278092313.191003
278092745.038487
278093177.702626
278093611.186558
278094045.493384
278094480.626176
278094916.587978
278095353.381810
278095791.010678
278096229.477572
278096668.785475
278097108.937361
278097549.936207
278097991.784988
278098434.486687
278098878.044295
278099322.460815
278099767.739264
278100213.882679
278100660.894115
278101108.776652
278101557.533396
278102007.167484
278102457.682081
278102909.080387
278103361.365641
278103814.541115
278104268.610127
278104723.576037
278105179.442249
278105636.212214
278106093.889436
278106552.477467
278107011.979916
278107472.400444
278107933.742774
278108396.010687
278108859.208024
278109323.338693
278109788.406666
278110254.415982
278110721.370749
278111189.275150
278111658.133436
278112127.949936
278112598.729056
278113070.475280
278113543.193172
278114016.887379
278114491.562633
278114967.223749
278115443.875631
278115921.523275
278116400.171764
278116879.826276
278117360.492083
278117842.174553
278118324.879151
278118808.611443
278119293.377095
278119779.181873
278120266.031651
278120753.932404
278121242.890218
278121732.911280
278122224.001893
278122716.168464
278123209.417514
278123703.755674
278124199.189687
278124695.726409
278125193.372808
278125692.135967
278126192.023079
278126693.041450
278127195.198499
278127698.501753
278128202.958849
278128708.577533
278129215.365654
278129723.331164
278130232.482111
278130742.826643
278131254.372994
278131767.129483
278132281.104511
278132796.306546
278133312.744118
278133830.425815
278134349.360264
278134869.556122
278135391.022061
278135913.766754
278136437.798859
278136963.126992
278137489.759710
278138017.705482
278138546.972667
278139077.569476
278139609.503934
278140142.783845
278140677.416751
278141213.409871
278141750.770050
278142289.503700
278142829.616729
278143371.114454
278143914.001523
278144458.281824
278145003.958358
278145551.033132
278146099.507024
278146649.379631
278147200.649099
278147753.311940
278148307.362835
278148862.794386
278149419.596876
278149977.757987
278150537.262479
278151098.091848
278151660.223946
278152223.632558
278152788.286932
278153354.151277
278153921.184202
278154489.338102
278155058.558502
278155628.783337
278156199.942185
278156771.955437
278157344.733433
278157918.175545
278158492.169233
278159066.589076
278159641.295818
278160216.135429
278160790.938234
278161365.518143
278161939.672033
278162513.179346
278163085.801955
278163657.284399
278164227.354522
278164795.724635
278165362.093244
278165926.147409
278166487.565800
278167046.022454
278167601.191231
278168152.750906
278168296.258175

   Range (km)   
----------------
278175749.821052
278176220.727099
278176689.907322
278177154.848250
278177615.779556
278178072.935639
278178526.552247
278178976.863620
278179424.100127
278179868.486376
278180310.239748
278180749.569309
278181186.675049
278181621.747403
278182054.966990
278182486.504559
278182916.521061
278183345.167861
278183772.587006
278184198.911590
278184624.266130
278185048.766993
278185472.522819
278185895.634968
278186318.197941
278186740.299814
278187162.022641
278187583.442856
278188004.631643
278188425.655299
278188846.575571
278189267.449970
278189688.332072
278190109.271802
278190530.315685
278190951.507096
278191372.886481
278191794.491576
278192216.357590
278192638.517394
278193061.001688
278193483.839154
278193907.056602
278194330.679103
278194754.730114
278195179.231589
278195604.204088
278196029.666879
278196455.638020
278196882.134447
278197309.172061
278197736.765787
278198164.929646
278198593.676827
278199023.019729
278199452.970025
278199883.538710
278200314.736150
278200746.572117
278201179.055836
278201612.196025
278202046.000923
278202480.478323
278202915.635607
278203351.479774
278203788.017460
278204225.254967
278204663.198289
278205101.853128
278205541.224917
278205981.318836
278206422.139835
278206863.692642
278207305.981791
278207749.011622
278208192.786306
278208637.309850
278209082.586116
278209528.618828
278209975.411581
278210422.967855
278210871.291025
278211320.384363
278211770.251056
278212220.894205
278212672.316840
278213124.521920
278213577.512349
278214031.290969
278214485.860580
278214941.223939
278215397.383762
278215854.342737
278216312.103523
278216770.668759
278217230.041063
278217690.223040
278218151.217291
278218613.026404
278219075.652969
278219539.099579
278220003.368830
278220468.463328
278220934.385691
278221401.138550
278221868.724556
278222337.146380
278222806.406719
278223276.508292
278223747.453849
278224219.246173
278224691.888080
278225165.382421
278225639.732088
278226114.940013
278226591.009172
278227067.942584
278227545.743320
278228024.414499
278228503.959291
278228984.380921
278229465.682672
278229947.867881
278230430.939950
278230914.902339
278231399.758575
278231885.512251
278232372.167024
278232859.726627
278233348.194860
278233837.575600
278234327.872797
278234819.090478
278235311.232753
278235804.303810
278236298.307920
278236793.249440
278237289.132813
278237785.962569
278238283.743329
278238782.479807
278239282.176810
278239782.839237
278240284.472088
278240787.080460
278241290.669548
278241795.244652
278242300.811174
278242807.374619
278243314.940598
278243823.514833
278244333.103149
278244843.711485
278245355.345888
278245868.012518
278246381.717646
278246896.467657
278247412.269051
278247929.128437
278248447.052542
278248966.048205
278249486.122379
278250007.282128
278250529.534629
278251052.887167
278251577.347138
278252102.922040
278252629.619477
278253157.447152
278253686.412862
278254216.524497
278254747.790030
278255280.217514
278255813.815075
278256348.590900
278256884.553228
278257421.710345
278257960.070564
278258499.642211
278259040.433615
278259582.453087
278260125.708897
278260670.209253
278261215.962277
278261762.975974
278262311.258199
278262860.816621
278263411.658686
278263963.791568
278264517.222114
278265071.956794
278265628.001640
278266185.362164
278266744.043286
278267304.049244
278267865.383500
278268428.048623
278268992.046166
278269557.376540
278270124.038850
278270692.030729
278271261.348157
278271831.985240
278272403.933987
278272977.184045
278273551.722416
278274127.533140
278274704.596939
278275282.890836
278275862.387720
278276443.055881
278277024.858489
278277607.753029
278277834.530338
