                                                                                                     29 Apr 2026 13:37:26
Satellite-MAVEN-Sensor-UHF_Sensor-Receiver-RX_UHF_Relay-To-Facility-MSL_Curiosity_GaleCrater-Transmitter-TX_UHF_Curiosity


 Range (km)
-----------
6870.579586
6875.380105
6880.429664
6885.651190
6891.030278
6896.552687
6902.204357
6907.971418
6913.840202
6919.797255
6925.829340
6931.923449
6938.066801
6944.246855
6950.451304
6956.668086
6962.885379
6969.091607
6975.275435
6981.425776
6987.531780
6993.582844
6999.568601
7005.478924
7011.303919
7017.033928
7022.659520
7028.171492
7033.560864
7038.818877
7043.936987
7048.906864
7053.720386
7058.369637
7062.846903
7067.144667
7071.255604
7075.172582
7078.888652
7082.397050
7085.691187
7088.764652
7091.611201
7094.224762
7096.599423
7098.729432
7100.609197
7102.233276
7103.596379
7104.693363
7105.519228
7106.069116
7106.338307
7106.322216
7106.016392
7105.416513
7104.518386
7103.317942
7101.811238
7099.994451
7097.863878
7095.415933
7092.647149
7089.554169
7086.133754
7082.382774
7078.298211
7073.877157
7069.116814
7064.014490
7058.567604
7052.773680
7046.630351
7040.135357
7033.286544
7026.081869
7018.519393
7010.597288
7002.313836
6993.667429
6984.656570
6975.279875
6965.536074
6955.424017
6944.942668
6934.091115
6922.868566
6911.274357
6899.307951
6886.968946
6874.257071
6861.172199
6847.714342
6833.883661
6819.680470
6805.105240
6790.158604
6774.841364
6759.154496
6743.099156
6726.676690
6709.888636
6692.736739
6675.222950
6657.349444
6639.118623
6620.533129
6601.595853
6582.309945
6562.678827
6542.706207
6522.396087
6501.752781
6480.780926
6459.485502
6437.871841
6415.945648
6393.713021
6371.180461
6348.354902
6325.243721
6301.854768
6278.196386
6254.277429
6230.107294
6205.695942
6181.053930
6156.192433
6131.123278
6105.858960
6080.412719
6054.798512
6029.031087
6003.126003
5977.099676
5950.969415
5924.753459
5898.471018
5872.142309
5845.788614
5819.432314
5793.096928
5766.807161
5740.588957
5714.469539
5688.477450
5662.642595
5636.996294
5611.571327
5586.401958
5561.523975
5536.974738
5512.793207
5489.019952
5465.697176
5442.868747
5420.580192
5398.878679
5377.813008
5357.433615
5337.792489
5336.869138

 Range (km)
-----------
 752.810107
 859.322143
1007.899370
1180.755670
1367.308679
1561.344010
1759.172210
1958.525092
2157.953167
2356.497312
2553.504788
2709.658760

 Range (km)
-----------
8658.519058
8668.632687
8678.044162
8686.677739
8694.537548
8701.627715
8707.952371
8713.515648
8718.321682
8722.374613
8725.678587
8728.237757
8730.056286
8731.138349
8731.488132
8731.109836
8730.007681
8728.185905
8725.648766
8722.400550
8718.445569
8713.788163
8708.432707
8702.383611
8695.645324
8688.222339
8680.119193
8671.340475
8661.890828
8651.774951
8640.997606
8629.563621
8617.477897
8604.745410
8591.371215
8577.360456
8562.718367
8547.450280
8531.561629
8515.057959
8497.944929
8480.228323
8461.914051
8443.008163
8423.516862
8403.446471
8382.803506
8361.594641
8339.826728
8317.506807
8294.642115
8271.240093
8247.308404
8222.854935
8197.887817
8172.415429
8146.446419
8119.989707
8093.054507
8065.650337
8037.787033
8009.474765
7980.724054
7951.545789
7921.951237
7891.952072
7861.560382
7830.788697
7799.650002
7768.157762
7736.325938
7704.169017
7671.702024
7638.940553
7605.900789
7572.599529
7539.054215
7505.282949
7471.304529
7437.138471
7402.805039
7368.325272
7333.721010
7299.014925
7264.230553
7229.392318
7220.133375

 Range (km)
-----------
6434.948409
6438.562799
6442.337311
6446.203599
6450.145177
6454.145902
6458.189984
6462.261986
6466.346842
6470.429854
6474.496700
6478.533429
6482.526468
6486.462619
6490.329057
6494.113325
6497.803336
6501.387364
6504.854043
6508.192359
6511.391647
6514.441583
6517.332181
6520.053784
6522.597058
6524.952988
6527.112866
6529.068291
6530.811158
6532.333652
6533.628242
6534.687674
6535.504965
6536.073397
6536.386509
6536.438092
6536.222184
6535.733062
6534.965238
6533.913452
6532.572670
6530.938073
6529.005058
6526.769229
6524.226397
6521.372569
6518.203950
6514.716935
6510.908108
6506.774237
6502.312272
6497.519337
6492.392736
6486.929941
6481.128597
6474.986513
6468.501666
6461.672195
6454.496403
6446.972752
6439.099863
6430.876517
6422.301652
6413.374363
6404.093902
6394.459681
6384.471265
6374.128382
6363.430913
6352.378903
6340.972558
6329.212244
6317.098493
6304.632004
6291.813643
6278.644450
6265.125637
6251.258595
6237.044898
6222.486303
6207.584757
6192.342400
6176.761574
6160.844823
6144.594902
6128.014781
6111.107655
6093.876944
6076.326308
6058.459652
6040.281132
6021.795165
6003.006439
5983.919923
5964.540875
5944.874853
5924.927731
5904.705704
5884.215302
5863.463408
5842.457267
5821.204499
5799.713120
5777.991551
5756.048638
5733.893669
5711.536390
5688.987024
5666.256290
5643.355426
5620.296202
5597.090952
5573.752587
5550.294621
5526.731196
5503.077106
5479.347819
5455.559506
5431.729067
5407.874154
5384.013203
5360.165460
5336.351009
5312.590799
5288.906674
5265.321401
5241.858700
5218.543270
5195.400815
5172.458075
5149.742849
5127.284020
5105.111581
5083.256649
5061.751491
5040.629542
5019.925410
4999.674894
4979.914983
4960.683868
4942.020933
4923.966743
4906.563033
4889.852685
4873.879708
4858.689190
4844.327252
4830.841000
4818.278466
4806.688522
4796.120794
4786.625566
4778.253686
4771.056424
4765.085341
4760.392142
4757.028531
4755.046014
4754.495712
4755.428177
4757.893173
4761.939434
4767.614423
4774.964118
4784.032707
4794.862314
4807.492741
4821.961157
4838.301775
4846.743816

 Range (km)
-----------
8149.511166
8165.946548
8182.295000
8198.386824
8214.213649
8229.767291
8245.039746
8260.023184
8274.709945
8289.092537
8303.163624
8316.916029
8330.342722
8343.436821
8356.191584
8368.600406
8380.656812
8392.354457
8403.687116
8414.648684
8425.233172
8435.434698
8445.247488
8454.665872
8463.684276
8472.297223
8480.499325
8488.285284
8495.649885
8502.587993
8509.094554
8515.164585
8520.793177
8525.975487
8530.706739
8534.982219
8538.797273
8542.147306
8545.027776
8547.434194
8549.362119
8550.807160
8551.764970
8552.231246
8552.201726
8551.672187
8550.638443
8549.096342
8547.041768
8544.470636
8541.378892
8537.762511
8533.617495
8528.939870
8523.725691
8517.971034
8511.672000
8504.824709
8497.425305
8489.469948
8480.954821
8471.876125
8462.230079
8452.012919
8441.220901
8429.850296
8417.897394
8405.358503
8392.229938
8378.508065
8364.189236
8349.269833
8333.746260
8317.614941
8300.872324
8283.514881
8265.539111
8246.941538
8227.718720
8207.867245
8202.794913

 Range (km)
-----------
6590.923970
6616.883051
6642.773243
6668.257747
6693.322230
6717.953230
6742.138109
6765.865011
6789.122821
6811.901127
6834.190185
6855.980884
6877.264710
6898.033718
6918.280504
6937.998172
6957.180311
6975.820970
6993.914632
7011.456194
7028.440944
7044.864541
7060.722998
7076.012662
7090.730197
7104.872573
7118.437042
7131.421133
7143.822634
7155.639579
7166.870239
7177.513110
7187.566903
7197.030531
7205.903106
7214.183926
7221.872468
7228.968384
7235.471487
7241.381751
7246.699306
7251.424424
7255.557525
7259.099164
7262.050031
7264.410947
7266.182857
7267.366832
7267.964064
7267.975862
7267.403653
7266.248978
7264.513490
7262.198957
7259.307254
7255.840379
7251.800414
7247.189575
7242.010183
7236.264666
7229.955568
7223.085545
7215.657368
7207.673921
7199.138210
7190.053359
7180.422615
7170.249351
7159.537070
7148.289403
7136.510121
7124.203131
7111.372486
7098.022385
7084.157184
7069.781393
7054.899689
7039.516918
7023.638101
7007.268445
6990.413344
6973.078390
6955.269381
6936.992327
6918.253461
6899.059247
6879.416390
6859.331846
6838.812832
6817.866839
6796.501639
6774.725305
6752.546215
6729.973074
6707.014918
6683.681137
6659.981489
6635.926110
6611.525537
6586.790723
6561.733054
6536.364366
6510.696970
6484.743668
6458.517773
6432.033132
6405.304151
6378.345813
6351.173705
6323.804042
6296.253693
6268.540206
6240.681833
6212.697562
6184.607142
6156.431110
6128.190823
6099.908486
6071.607181
6043.310899
6015.044567
5986.834078
5958.706326
5930.689228
5902.811756
5875.103962
5847.597011
5820.323198
5793.315978
5766.609980
5740.241032
5714.246176
5688.663676
5663.533031
5638.894971
5614.791473
5591.265736
5568.362177
5546.126406
5524.605207
5503.846498
5483.899282
5464.813592
5446.640435
5429.431711
5413.240119
5398.119052
5384.122499
5371.304906
5359.721027
5349.425761
5340.474002
5332.920429
5326.819293
5322.224199
5319.187892
5317.761966
5317.996592
5318.448387

 Range (km)
-----------
6775.508840
6776.771468
6778.198876
6779.760470
6781.443192
6783.234111
6785.120444
6787.089567
6789.129026
6791.226549
6793.370049
6795.547638
6797.747631
6799.958546
6802.169115
6804.368285
6806.545219
6808.689298
6810.790125
6812.837522
6814.821532
6816.732417
6818.560661
6820.296965
6821.932246
6823.457638
6824.864485
6826.144346
6827.288985
6828.290375
6829.140690
6829.832304
6830.357793
6830.709923
6830.881654
6830.866136
6830.656701
6830.246870
6829.630337
6828.800979
6827.752842
6826.480146
6824.977280
6823.238796
6821.259410
6819.033998
6816.557595
6813.825388
6810.832722
6807.575087
6804.048126
6800.247625
6796.169518
6791.809880
6787.164927
6782.231015
6777.004639
6771.482430
6765.661155
6759.537718
6753.109156
6746.372637
6739.325466
6731.965080
6724.289047
6716.295068
6707.980980
6699.344748
6690.384476
6681.098399
6671.484890
6661.542458
6651.269750
6640.665553
6629.728795
6618.458551
6606.854038
6594.914624
6582.639829
6570.029328
6557.082950
6543.800692
6530.182712
6516.229342
6501.941086
6487.318629
6472.362840
6457.074781
6441.455709
6425.507087
6409.230584
6392.628091
6375.701722
6358.453826
6340.886995
6323.004070
6304.808157
6286.302633
6267.491155
6248.377679
6228.966465
6209.262092
6189.269474
6168.993869
6148.440899
6127.616565
6106.527258
6085.179785
6063.581379
6041.739723
6019.662969
5997.359756
5974.839235
5952.111092
5929.185568
5906.073488
5882.786283
5859.336018
5835.735423
5811.997917
5788.137641
5764.169487
5740.109131
5715.973068
5691.778641
5667.544081
5643.288537
5619.032118
5594.795927
5570.602101
5546.473842
5522.435461
5498.512421
5474.731364
5451.120154
5427.707908
5404.525045
5381.603309
5358.975799
5336.676999
5314.742817
5293.210595
5272.119127
5251.508670
5231.420971
5211.899246
5192.988178
5174.733893
5157.183965
5140.387345
5124.394318
5109.256448
5095.026509
5081.758364
5069.506855
5058.327711
5048.277346
5039.900116

 Range (km)
-----------
 489.726966
 330.080198
 298.177376
 423.287282
 614.056672
 824.280519
1040.549509
1258.220519
1475.285335
1690.716849
1903.923361
2114.535351
2322.310238
2527.084910
2728.749785
2747.520855

 Range (km)
-----------
6401.871525
6409.386788
6416.948344
6424.450349
6431.876298
6439.210207
6446.436608
6453.540545
6460.507566
6467.323716
6473.975529
6480.450019
6486.734671
6492.817430
6498.686691
6504.331292
6509.740496
6514.903989
6519.811860
6524.454601
6528.823085
6532.908563
6536.702653
6540.197326
6543.384897
6546.258020
6548.809670
6551.033140
6552.922030
6554.470238
6555.671950
6556.521635
6557.014033
6557.144150
6556.907251
6556.298851
6555.314708
6553.950818
6552.203411
6550.068938
6547.544073
6544.625703
6541.310925
6537.597043
6533.481558
6528.962170
6524.036772
6518.703444
6512.960456
6506.806258
6500.239482
6493.258938
6485.863613
6478.052670
6469.825442
6461.181437
6452.120334
6442.641982
6432.746403
6422.433786
6411.704494
6400.559062
6388.998197
6377.022780
6364.633867
6351.832695
6338.620678
6324.999414
6310.970688
6296.536471
6281.698929
6266.460424
6250.823521
6234.790990
6218.365811
6201.551185
6184.350531
6166.767502
6148.805987
6130.470117
6111.764279
6092.693116
6073.261545
6053.474758
6033.338240
6012.857774
5992.039454
5970.889697
5949.415254
5927.623227
5905.521079
5883.116654
5860.418175
5837.434285
5814.174049
5790.646971
5766.863019
5742.832637
5718.566769
5694.076879
5669.374973
5644.473619
5619.385972
5594.125801
5568.707507
5543.146156
5517.457501
5491.658011
5465.764900
5439.796156
5413.770568
5387.707761
5361.628222
5335.553337
5309.505416
5283.507732
5257.584548
5231.761152
5206.063888
5180.520187
5155.158599
5130.008823
5105.101733
5080.469408
5056.145158
5032.163542
5008.560393
4985.372831
4962.639283
4940.399482
4918.694477
4897.566630
4877.059610
4857.218378
4838.089161
4819.719420
4802.157827
4785.454196
4769.659433
4754.825459
4741.005142
4728.252188
4716.621038
4706.166740
4696.944834
4689.011185
4682.421821
4677.232755
4673.499813
4671.278407
4670.623319
4671.588470
4674.226700
4678.589480
4684.726654
4692.686185
4702.513864
4714.253000
4727.944140
4743.624785
4761.329051
4781.087364
4802.926183
4804.450180

 Range (km)
-----------
7388.938177
7398.483730
7408.074876
7417.627031
7427.128913
7436.569434
7445.937712
7455.223064
7464.415011
7473.503275
7482.477778
7491.328644
7500.046194
7508.620946
7517.043612
7525.305096
7533.396493
7541.309082
7549.034330
7556.563880
7563.889557
7571.003360
7577.897456
7584.564185
7590.996048
7597.185709
7603.125989
7608.809864
7614.230460
7619.381053
7624.255061
7628.846044
7633.147700
7637.153862
7640.858491
7644.255682
7647.339649
7650.104733
7652.545393
7654.656203
7656.431852
7657.867140
7658.956975
7659.696373
7660.080451
7660.104429
7659.763625
7659.053455
7657.969431
7656.507156
7654.662326
7652.430726
7649.808229
7646.790796
7643.374472
7639.555387
7635.329754
7630.693867
7625.644103
7620.176919
7614.288851
7607.976516
7601.236609
7594.065906
7586.461260
7578.419604
7569.937951
7561.013394
7551.643108
7541.824347
7531.554448
7520.830834
7509.651012
7498.012577
7485.913212
7473.350689
7460.322876
7446.827735
7432.863330
7418.427822
7403.519481
7388.136684
7372.277921
7355.941801
7339.127054
7321.832538
7304.057243
7285.800298
7267.060977
7247.838709
7228.133078
7207.943827
7187.270908
7166.114425
7144.474687
7122.352208
7099.747718
7076.662176
7053.096781
7029.052985
7004.532510
6979.537361
6954.069842
6928.132577
6901.728522
6874.860992
6847.533676
6819.750664
6791.516467
6762.836043
6733.714828
6704.158760
6674.174308
6643.768507
6612.948996
6581.724050
6550.102615
6518.094353
6485.709688
6452.959851
6419.856923
6386.413885
6352.644688
6318.564294
6284.188745
6249.535214
6214.622092
6179.469048
6176.631040

 Range (km)
-----------
1672.789728
1798.571521
1938.758526
2088.985751
2246.327906
2408.536690
2573.896878
2706.062255

 Range (km)
-----------
7482.707701
7510.608792
7537.791020
7564.172348
7589.753261
7614.534472
7638.516905
7661.701682
7684.090104
7705.683645
7726.483934
7746.492748
7765.712002
7784.143738
7801.790117
7818.653412
7834.736001
7850.040358
7864.569053
7878.324740
7891.310155
7903.528115
7914.981507
7925.673290
7935.606492
7944.784204
7953.209579
7960.885832
7967.816236
7974.004120
7979.452874
7984.165939
7988.146814
7991.399051
7993.926260
7995.732105
7996.820306
7997.194641
7996.858944
7995.817111
7994.073107
7991.630930
7988.494674
7984.668487
7980.156589
7974.963271
7969.092899
7962.549916
7955.338849
7947.464307
7938.930989
7929.743689
7919.907296
7909.426802
7898.307305
7886.554016
7874.172264
7861.167501
7847.545308
7833.311402
7818.471643
7803.032040
7786.998758
7770.378129
7753.176656
7735.401024
7717.058108
7698.154981
7678.698928
7658.697452
7638.158286
7617.089403
7595.499031
7573.395662
7550.788066
7527.685303
7504.096739
7480.032057
7455.501278
7430.514769
7405.083264
7379.217882
7352.930141
7326.231978
7299.135769
7271.654347
7243.801025
7215.589615
7187.034451
7158.150412
7128.952946
7099.458093
7069.682512
7039.643507
7009.359052
6978.847819
6948.129208
6917.223373
6886.151253
6854.934603
6823.596024
6792.158989
6760.647882
6729.088024
6697.505708
6665.928223
6634.383894
6602.902107
6571.513339
6540.249185
6509.142390
6478.226870
6447.537739
6417.111321
6386.985179
6357.198126
6327.790233
6298.802832
6270.278522
6242.261166
6214.795873
6187.928975
6161.708003
6147.599868

 Range (km)
-----------
6510.953571
6509.610674
6508.323249
6507.082498
6505.875368
6504.689003
6503.510763
6502.328233
6501.129232
6499.901820
6498.634306
6497.315252
6495.933478
6494.478065
6492.938354
6491.303952
6489.564729
6487.710819
6485.732620
6483.620791
6481.366254
6478.960187
6476.394026
6473.659460
6470.748430
6467.653123
6464.365974
6460.879656
6457.187084
6453.281405
6449.156000
6444.804476
6440.220665
6435.398621
6430.332615
6425.017133
6419.446873
6413.616740
6407.521844
6401.157498
6394.519213
6387.602698
6380.403856
6372.918782
6365.143759
6357.075257
6348.709935
6340.044633
6331.076373
6321.802360
6312.219976
6302.326784
6292.120524
6281.599115
6270.760651
6259.603404
6248.125825
6236.326542
6224.204359
6211.758262
6198.987417
6185.891172
6172.469058
6158.720793
6144.646282
6130.245621
6115.519099
6100.467202
6085.090618
6069.390238
6053.367162
6037.022702
6020.358391
6003.375984
5986.077466
5968.465060
5950.541228
5932.308686
5913.770404
5894.929620
5875.789846
5856.354879
5836.628806
5816.616022
5796.321232
5775.749471
5754.906111
5733.796875
5712.427849
5690.805501
5668.936689
5646.828682
5624.489176
5601.926308
5579.148675
5556.165355
5532.985923
5509.620477
5486.079654
5462.374653
5438.517261
5414.519875
5390.395527
5366.157910
5341.821405
5317.401107
5292.912857
5268.373268
5243.799753
5219.210563
5194.624812
5170.062508
5145.544593
5121.092967
5096.730526
5072.481193
5048.369951
5024.422879
5000.667176
4977.131201
4953.844496
4930.837822
4908.143178
4885.793828
4863.824328
4842.270539
4821.169645
4800.560162
4780.481946
4760.976197
4742.085448
4723.853552
4706.325672
4689.548247
4673.568955
4658.436664
4644.201380
4630.914183
4618.627136
4607.393191
4597.266096
4588.300268
4580.550652
4574.072571
4568.921579
4565.153265
4562.823057
4561.986008
4562.696603
4565.008478
4568.974176
4574.644904
4582.070232
4591.297796
4602.373005
4615.338740
4630.235003
4647.098593
4665.962793
4669.470247

 Range (km)
-----------
6654.364474
6679.100015
6703.407131
6727.211919
6750.503156
6773.270362
6795.503763
6817.194248
6838.333338
6858.913148
6878.926363
6898.366198
6917.226376
6935.501099
6953.185023
6970.273234
6986.761225
7002.644876
7017.920432
7032.584487
7046.633964
7060.066098
7072.878424
7085.068758
7096.635185
7107.576047
7117.889932
7127.575657
7136.632265
7145.059010
7152.855350
7160.020938
7166.555615
7172.459401
7177.732490
7182.375243
7186.388182
7189.771985
7192.527482
7194.655652
7196.157614
7197.034631
7197.288099
7196.919553
7195.930657
7194.323208
7192.099130
7189.260477
7185.809430
7181.748295
7177.079517
7171.805640
7165.929363
7159.453504
7152.381011
7144.714967
7136.458585
7127.615215
7118.188348
7108.181614
7097.598789
7086.443798
7074.720718
7062.433784
7049.587393
7036.186108
7022.234664
7007.737976
6992.701144
6977.129457
6961.028405
6944.403683
6927.261201
6909.607092
6891.447719
6872.789689
6853.639858
6834.005344
6813.893541
6793.312124
6772.269069
6750.772658
6728.831498
6706.454534
6683.651064
6660.430753
6636.803651
6612.780209
6588.371296
6563.588222
6538.442751
6512.947126
6487.114085
6460.956889
6434.489342
6407.725812
6380.681259
6353.371259
6325.812031
6298.020461
6270.014134
6241.811362
6213.431209
6184.893530
6156.218993
6127.429118
6098.546303
6069.593864
6040.596062
6011.578141
5982.566359
5953.588024
5924.671525
5895.846369
5867.143210
5838.593882
5810.231432
5782.090146
5754.205577
5726.614568
5699.355278
5672.467199
5645.991171
5619.969389
5594.445415
5569.464176
5545.071953
5521.316370
5498.246375
5475.912209
5454.365362
5433.658519
5413.845513
5394.981237
5377.121560
5360.323219
5344.643720
5330.141191
5316.874233
5304.901752
5294.282800
5285.076345
5277.341054
5271.135071
5266.515755
5263.539397
5262.260916
5262.232024

 Range (km)
-----------
6707.962941
6705.279958
6702.662796
6700.102664
6697.588457
6695.109179
6692.653953
6690.212032
6687.772815
6685.325852
6682.860852
6680.367689
6677.836413
6675.257251
6672.620610
6669.917083
6667.137451
6664.272687
6661.313953
6658.252605
6655.080194
6651.788463
6648.369350
6644.814988
6641.117701
6637.270005
6633.264609
6629.094412
6624.752501
6620.232149
6615.526817
6610.630149
6605.535972
6600.238293
6594.731300
6589.009354
6583.066997
6576.898942
6570.500073
6563.865449
6556.990293
6549.870001
6542.500131
6534.876408
6526.994721
6518.851123
6510.441825
6501.763204
6492.811795
6483.584291
6474.077549
6464.288583
6454.214565
6443.852829
6433.200866
6422.256330
6411.017034
6399.480953
6387.646226
6375.511155
6363.074209
6350.334024
6337.289405
6323.939330
6310.282951
6296.319597
6282.048780
6267.470193
6252.583718
6237.389429
6221.887597
6206.078691
6189.963391
6173.542585
6156.817381
6139.789109
6122.459330
6104.829844
6086.902697
6068.680188
6050.164878
6031.359601
6012.267468
5992.891889
5973.236571
5953.305536
5933.103134
5912.634051
5891.903327
5870.916370
5849.678968
5828.197304
5806.477978
5784.528020
5762.354909
5739.966591
5717.371502
5694.578584
5671.597312
5648.437713
5625.110392
5601.626553
5577.998030
5554.237309
5530.357558
5506.372655
5482.297219
5458.146637
5433.937101
5409.685635
5385.410132
5361.129388
5336.863135
5312.632078
5288.457928
5264.363445
5240.372469
5216.509957
5192.802021
5169.275966
5145.960321
5122.884876
5100.080712
5077.580240
5055.417222
5033.626800
5012.245515
4991.311338
4970.863674
4950.943373
4931.592733
4912.855506
4894.776880
4877.403458
4860.783222
4844.965526
4830.001010
4815.941548
4802.840175
4790.751005
4779.729105
4769.830371
4761.111409
4753.629360
4747.441709
4742.606097
4739.180115
4737.221028
4736.785514
4737.929414
4740.707377
4743.206998

 Range (km)
-----------
 611.481694
 632.895602
 730.881264
 878.742345
1054.237981
1244.338863
1441.976329
1643.223141
1845.782086
2048.236409
2249.671416
2449.474738
2647.225452
2676.641542

 Range (km)
-----------
6467.467127
6481.869091
6496.120348
6510.070175
6523.704188
6537.008689
6549.970642
6562.577640
6574.817896
6586.680208
6598.153944
6609.229012
6619.895849
6630.145394
6639.969069
6649.358762
6658.306806
6666.805964
6674.849411
6682.430718
6689.543835
6696.183079
6702.343119
6708.018960
6713.205933
6717.899684
6722.096157
6725.791588
6728.982493
6731.665660
6733.838134
6735.497214
6736.640446
6737.265607
6737.370706
6736.953975
6736.013860
6734.549020
6732.558315
6730.040810
6726.995762
6723.422621
6719.321026
6714.690798
6709.531942
6703.844644
6697.629265
6690.886343
6683.616590
6675.820893
6667.500311
6658.656079
6649.289602
6639.402461
6628.996413
6618.073389
6606.635502
6594.685042
6582.224485
6569.256492
6555.783914
6541.809796
6527.337379
6512.370108
6496.911643
6480.965834
6464.536774
6447.628773
6430.246374
6412.394361
6394.077764
6375.301875
6356.072248
6336.394716
6316.275395
6295.720701
6274.737358
6253.332413
6231.513245
6209.287582
6186.663516
6163.649514
6140.254437
6116.487559
6092.358581
6067.877648
6043.055375
6017.902858
5992.431705
5966.654053
5940.582590
5914.230581
5887.611892
5860.741021
5833.633117
5806.304016
5778.770262
5751.049147
5723.158733
5695.117892
5666.946334
5638.664641
5610.294305
5581.857762
5553.378430
5524.880740
5496.390183
5467.933337
5439.537914
5411.232791
5383.048049
5355.015013
5327.166282
5299.535766
5272.158722
5245.071779
5218.312969
5191.921751
5165.939035
5140.407196
5115.370086
5090.873044
5066.962895
5043.687938
5021.097936
4999.244093
4978.179015
4957.956670
4938.632322
4920.262480
4902.904798
4886.617985
4871.461688
4857.496376
4844.783185
4833.383754
4823.360048
4814.774177
4807.688160
4802.163697
4798.261932
4796.043187
4795.566670
4796.890175
4800.069806
4805.159627
4812.211324
4821.273894
4832.393281
4845.612009
4860.968828
4867.148186

 Range (km)
-----------
6926.306829
6925.496498
6924.710711
6923.943108
6923.183457
6922.421634
6921.647632
6920.851565
6920.023684
6919.154376
6918.234175
6917.253760
6916.203965
6915.075781
6913.860357
6912.549005
6911.133196
6909.604571
6907.954931
6906.176247
6904.260653
6902.200451
6899.988109
6897.616258
6895.077696
6892.365385
6889.472447
6886.392171
6883.118001
6879.643543
6875.962563
6872.068980
6867.956871
6863.620466
6859.054147
6854.252449
6849.210055
6843.921798
6838.382656
6832.587756
6826.532368
6820.211906
6813.621927
6806.758130
6799.616356
6792.192585
6784.482937
6776.483672
6768.191189
6759.602026
6750.712860
6741.520505
6732.021917
6722.214190
6712.094559
6701.660399
6690.909229
6679.838709
6668.446644
6656.730988
6644.689839
6632.321447
6619.624215
6606.596699
6593.237615
6579.545840
6565.520412
6551.160542
6536.465607
6521.435166
6506.068956
6490.366901
6474.329117
6457.955916
6441.247813
6424.205537
6406.830030
6389.122462
6371.084235
6352.716990
6334.022622
6315.003287
6295.661409
6275.999694
6256.021140
6235.729054
6215.127058
6194.219106
6173.009498
6151.502895
6129.704338
6107.619258
6085.253501
6062.613341
6039.705506
6016.537190
5993.116085
5969.450394
5945.548862
5921.420799
5897.076104
5872.525296
5847.779540
5822.850679
5797.751264
5772.494587
5747.094716
5721.566529
5695.925751
5670.188991
5644.373783
5618.498627
5592.583023
5566.647528
5540.713785
5514.804578
5488.943866
5463.156843
5437.469976
5411.911049
5386.509208
5361.295017
5336.300494
5311.559153
5287.106039
5262.977789
5239.212643
5215.850482
5192.932855
5170.503008
5148.605887
5127.288136
5106.598114
5086.585875
5067.303131
5048.803209
5031.141036
5014.373025
4998.556993
4983.752076
4970.018583
4960.914864

 Range (km)
-----------
 538.379065
 374.150031
 311.406289
 401.931956
 575.384880
 776.170898
 986.011054
1198.606280
1411.312097
1622.819871
1832.398637
2039.603685
2244.148762
2445.843655
2644.560789
2840.215922
2951.335559
